0.820803855183 	set([])
0.730035671085 	set([])
0.417446401201 	set([])
0.646227888654 	set([256, 4, 391, 458, 340, 214])
0.937249971552 	set([225, 194, 356, 293, 357, 173, 335, 343, 349, 229])
0.874558418742 	set([389, 399, 275, 277, 280, 281, 282, 284, 285, 310, 320, 321, 91, 220, 221, 94, 359, 360, 362, 363, 364, 237, 112, 248, 253])
0.259664816146 	set([])
0.666325126834 	set([8, 75, 84, 77])
0.489858103099 	set([400, 9, 291, 19])
0.198725717126 	set([])
0.528524434548 	set([])
0.647122016699 	set([304, 193, 394, 260, 295])
0.480012155287 	set([14])
0.65369351777 	set([361, 78])
1.0 	set([])
0.719956997665 	set([262, 263, 264, 265, 266, 17, 276, 283, 30, 40, 297, 46, 47, 48, 50, 313, 314, 315, 316, 317, 322, 323, 76, 90, 92, 93, 238, 239])
0.557316139455 	set([18])
0.810120419365 	set([])
0.973437892384 	set([])
0.379096411132 	set([23])
0.107038260982 	set([])
0.842478453653 	set([])
0.302008676803 	set([])
0.769279218068 	set([])
0.87572338209 	set([])
0.252122092611 	set([])
0.427176163587 	set([])
0.405391280321 	set([])
0.394016659435 	set([])
0.41276170785 	set([72])
0.579028189119 	set([36])
0.597359649784 	set([189])
0.66936523314 	set([])
0.41422539569 	set([])
0.365570734275 	set([])
0.146014802587 	set([45])
0.314706898625 	set([49])
0.357800820029 	set([])
0.247694403422 	set([])
0.649096349311 	set([])
0.564588640515 	set([])
0.680966899975 	set([])
0.535296331 	set([])
0.347110648013 	set([130])
0.247007517199 	set([])
0.732352950403 	set([])
0.718743584844 	set([])
0.380906323762 	set([])
1.0 	set([])
0.257348889717 	set([])
0.640860744074 	set([])
0.389945967239 	set([])
0.490954971538 	set([])
0.437497338998 	set([])
0.676561217863 	set([])
0.213987815455 	set([])
0.368393433825 	set([])
0.569280303588 	set([])
0.553986229365 	set([])
0.843542261071 	set([])
0.691982449641 	set([])
nan 	set([])
0.640948108646 	set([])
0.656224380312 	set([])
0.635517768676 	set([])
1.0 	set([])
0.381217080332 	set([])
0.854546981396 	set([])
0.39916623686 	set([])
0.528907103347 	set([])
0.444530403382 	set([])
0.624162507625 	set([])
0.304694250712 	set([])
0.875040020277 	set([])
0.495641208006 	set([])
0.151242140254 	set([133])
0.345813012641 	set([184, 135])
0.45273250179 	set([])
0.74787068435 	set([])
0.617890670093 	set([])
0.432436890534 	set([])
0.658174494389 	set([])
0.650623943504 	set([])
0.597728556267 	set([])
0.371468507821 	set([259])
1.0 	set([])
0.57735026919 	set([])
0.559928954276 	set([])
0.399198902805 	set([])
0.357265000212 	set([])
0.664751787669 	set([])
0.43450772761 	set([])
0.432759060412 	set([])
0.460991088531 	set([])
0.518334416589 	set([])
0.244732562343 	set([])
0.537836737416 	set([])
0.382045238089 	set([])
0.332141067074 	set([227])
0.143210394995 	set([243])
0.317810159123 	set([])
0.404216415992 	set([])
0.557305460238 	set([])
0.324736685986 	set([])
0.304092753026 	set([])
0.300588739439 	set([])
0.614891706064 	set([])
0.683546049787 	set([])
0.600657172162 	set([])
0.333021709514 	set([])
0.431460459911 	set([])
0.894614279258 	set([])
1.0 	set([])
0.35144224158 	set([])
0.401048555089 	set([392])
0.629803500615 	set([])
0.52398991998 	set([])
0.232794494858 	set([])
0.395663831669 	set([])
0.540979160479 	set([])
1.0 	set([])
0.442863674453 	set([])
0.832393896019 	set([])
0.209914206611 	set([])
0.467451826528 	set([])
actual	[121, 122, 127, 153, 159, 169, 176, 178, 217, 244, 271, 425, 443, 447, 466]
found	[1, 111, 125, 144, 166, 172, 177, 192, 207, 224, 233, 300, 309, 326, 333, 346, 385, 418, 421, 423, 426, 436, 444, 446, 448, 451, 460, 463, 465, 467]
actual	[1]
found	[2, 99, 105, 424]
actual	[2, 98, 131, 137, 138, 346, 396, 407]
found	[3]
actual	[4, 6, 23, 37, 51, 60, 66, 69, 71, 72, 85, 86, 88, 100, 101, 109, 141, 156, 158, 166, 173, 175, 188, 189, 190, 192, 193, 194, 196, 199, 201, 203, 205, 208, 214, 222, 225, 228, 229, 232, 240, 242, 243, 245, 254, 255, 256, 259, 260, 278, 288, 290, 292, 293, 295, 299, 300, 304, 306, 324, 326, 329, 330, 334, 335, 337, 339, 340, 342, 343, 345, 348, 349, 352, 354, 355, 356, 357, 365, 368, 375, 381, 384, 387, 390, 391, 392, 394, 410, 423, 436, 439, 441, 449, 450, 457, 458, 467]
found	[4, 13, 89, 120, 211, 213, 214, 247, 256, 296, 298, 340, 369, 391, 458]
actual	[4, 6, 23, 37, 51, 60, 66, 69, 71, 72, 85, 86, 88, 100, 101, 109, 141, 156, 158, 166, 173, 175, 188, 189, 190, 192, 193, 194, 196, 199, 201, 203, 205, 208, 214, 222, 225, 228, 229, 232, 240, 242, 243, 245, 254, 255, 256, 259, 260, 278, 288, 290, 292, 293, 295, 299, 300, 304, 306, 324, 326, 329, 330, 334, 335, 337, 339, 340, 342, 343, 345, 348, 349, 352, 354, 355, 356, 357, 365, 368, 375, 381, 384, 387, 390, 391, 392, 394, 410, 423, 436, 439, 441, 449, 450, 457, 458, 467]
found	[5, 110, 160, 167, 173, 179, 194, 197, 200, 202, 215, 218, 223, 225, 226, 229, 244, 251, 257, 261, 293, 294, 307, 311, 325, 327, 335, 341, 343, 349, 356, 357, 366, 374, 376, 440, 442, 461]
actual	[3, 5, 7, 8, 9, 12, 13, 14, 16, 17, 18, 19, 20, 28, 29, 30, 34, 35, 36, 39, 40, 44, 45, 46, 47, 48, 49, 50, 53, 58, 62, 64, 67, 70, 74, 75, 76, 77, 78, 80, 81, 82, 83, 84, 87, 89, 90, 91, 92, 93, 94, 95, 99, 102, 106, 111, 112, 115, 117, 119, 148, 155, 167, 181, 187, 198, 200, 202, 204, 207, 210, 211, 212, 213, 215, 216, 219, 220, 221, 224, 226, 227, 234, 236, 237, 238, 239, 241, 246, 247, 248, 252, 253, 261, 262, 263, 264, 265, 266, 268, 270, 272, 274, 275, 276, 277, 279, 280, 281, 282, 283, 284, 285, 289, 291, 294, 296, 297, 298, 301, 305, 309, 310, 312, 313, 314, 315, 316, 317, 319, 320, 321, 322, 323, 327, 331, 333, 336, 338, 341, 344, 347, 351, 353, 358, 359, 360, 361, 362, 363, 364, 371, 373, 374, 376, 382, 388, 389, 393, 398, 399, 400, 401, 403, 411, 414, 421, 428, 430, 451, 453, 455, 459, 460, 461, 464, 465]
found	[6, 91, 94, 96, 100, 103, 107, 112, 116, 118, 156, 203, 208, 220, 221, 235, 237, 240, 248, 249, 253, 254, 275, 277, 280, 281, 282, 284, 285, 299, 302, 306, 310, 320, 321, 332, 337, 339, 342, 345, 352, 359, 360, 362, 363, 364, 365, 375, 383, 389, 390, 399, 412, 415, 422, 429, 452, 456, 462, 466]
actual	[144, 197, 429, 438]
found	[7]
actual	[3, 5, 7, 8, 9, 12, 13, 14, 16, 17, 18, 19, 20, 28, 29, 30, 34, 35, 36, 39, 40, 44, 45, 46, 47, 48, 49, 50, 53, 58, 62, 64, 67, 70, 74, 75, 76, 77, 78, 80, 81, 82, 83, 84, 87, 89, 90, 91, 92, 93, 94, 95, 99, 102, 106, 111, 112, 115, 117, 119, 148, 155, 167, 181, 187, 198, 200, 202, 204, 207, 210, 211, 212, 213, 215, 216, 219, 220, 221, 224, 226, 227, 234, 236, 237, 238, 239, 241, 246, 247, 248, 252, 253, 261, 262, 263, 264, 265, 266, 268, 270, 272, 274, 275, 276, 277, 279, 280, 281, 282, 283, 284, 285, 289, 291, 294, 296, 297, 298, 301, 305, 309, 310, 312, 313, 314, 315, 316, 317, 319, 320, 321, 322, 323, 327, 331, 333, 336, 338, 341, 344, 347, 351, 353, 358, 359, 360, 361, 362, 363, 364, 371, 373, 374, 376, 382, 388, 389, 393, 398, 399, 400, 401, 403, 411, 414, 421, 428, 430, 451, 453, 455, 459, 460, 461, 464, 465]
found	[8, 54, 68, 75, 77, 84, 113, 217, 354]
actual	[3, 5, 7, 8, 9, 12, 13, 14, 16, 17, 18, 19, 20, 28, 29, 30, 34, 35, 36, 39, 40, 44, 45, 46, 47, 48, 49, 50, 53, 58, 62, 64, 67, 70, 74, 75, 76, 77, 78, 80, 81, 82, 83, 84, 87, 89, 90, 91, 92, 93, 94, 95, 99, 102, 106, 111, 112, 115, 117, 119, 148, 155, 167, 181, 187, 198, 200, 202, 204, 207, 210, 211, 212, 213, 215, 216, 219, 220, 221, 224, 226, 227, 234, 236, 237, 238, 239, 241, 246, 247, 248, 252, 253, 261, 262, 263, 264, 265, 266, 268, 270, 272, 274, 275, 276, 277, 279, 280, 281, 282, 283, 284, 285, 289, 291, 294, 296, 297, 298, 301, 305, 309, 310, 312, 313, 314, 315, 316, 317, 319, 320, 321, 322, 323, 327, 331, 333, 336, 338, 341, 344, 347, 351, 353, 358, 359, 360, 361, 362, 363, 364, 371, 373, 374, 376, 382, 388, 389, 393, 398, 399, 400, 401, 403, 411, 414, 421, 428, 430, 451, 453, 455, 459, 460, 461, 464, 465]
found	[9, 19, 41, 88, 199, 286, 291, 400, 407, 447]
actual	[377]
found	[10]
actual	[31, 104, 267]
found	[11, 32]
actual	[4, 6, 23, 37, 51, 60, 66, 69, 71, 72, 85, 86, 88, 100, 101, 109, 141, 156, 158, 166, 173, 175, 188, 189, 190, 192, 193, 194, 196, 199, 201, 203, 205, 208, 214, 222, 225, 228, 229, 232, 240, 242, 243, 245, 254, 255, 256, 259, 260, 278, 288, 290, 292, 293, 295, 299, 300, 304, 306, 324, 326, 329, 330, 334, 335, 337, 339, 340, 342, 343, 345, 348, 349, 352, 354, 355, 356, 357, 365, 368, 375, 381, 384, 387, 390, 391, 392, 394, 410, 423, 436, 439, 441, 449, 450, 457, 458, 467]
found	[12, 193, 195, 234, 260, 273, 279, 295, 304, 380, 394]
actual	[3, 5, 7, 8, 9, 12, 13, 14, 16, 17, 18, 19, 20, 28, 29, 30, 34, 35, 36, 39, 40, 44, 45, 46, 47, 48, 49, 50, 53, 58, 62, 64, 67, 70, 74, 75, 76, 77, 78, 80, 81, 82, 83, 84, 87, 89, 90, 91, 92, 93, 94, 95, 99, 102, 106, 111, 112, 115, 117, 119, 148, 155, 167, 181, 187, 198, 200, 202, 204, 207, 210, 211, 212, 213, 215, 216, 219, 220, 221, 224, 226, 227, 234, 236, 237, 238, 239, 241, 246, 247, 248, 252, 253, 261, 262, 263, 264, 265, 266, 268, 270, 272, 274, 275, 276, 277, 279, 280, 281, 282, 283, 284, 285, 289, 291, 294, 296, 297, 298, 301, 305, 309, 310, 312, 313, 314, 315, 316, 317, 319, 320, 321, 322, 323, 327, 331, 333, 336, 338, 341, 344, 347, 351, 353, 358, 359, 360, 361, 362, 363, 364, 371, 373, 374, 376, 382, 388, 389, 393, 398, 399, 400, 401, 403, 411, 414, 421, 428, 430, 451, 453, 455, 459, 460, 461, 464, 465]
found	[14]
actual	[3, 5, 7, 8, 9, 12, 13, 14, 16, 17, 18, 19, 20, 28, 29, 30, 34, 35, 36, 39, 40, 44, 45, 46, 47, 48, 49, 50, 53, 58, 62, 64, 67, 70, 74, 75, 76, 77, 78, 80, 81, 82, 83, 84, 87, 89, 90, 91, 92, 93, 94, 95, 99, 102, 106, 111, 112, 115, 117, 119, 148, 155, 167, 181, 187, 198, 200, 202, 204, 207, 210, 211, 212, 213, 215, 216, 219, 220, 221, 224, 226, 227, 234, 236, 237, 238, 239, 241, 246, 247, 248, 252, 253, 261, 262, 263, 264, 265, 266, 268, 270, 272, 274, 275, 276, 277, 279, 280, 281, 282, 283, 284, 285, 289, 291, 294, 296, 297, 298, 301, 305, 309, 310, 312, 313, 314, 315, 316, 317, 319, 320, 321, 322, 323, 327, 331, 333, 336, 338, 341, 344, 347, 351, 353, 358, 359, 360, 361, 362, 363, 364, 371, 373, 374, 376, 382, 388, 389, 393, 398, 399, 400, 401, 403, 411, 414, 421, 428, 430, 451, 453, 455, 459, 460, 461, 464, 465]
found	[15, 78, 361]
actual	[15]
found	[16]
actual	[3, 5, 7, 8, 9, 12, 13, 14, 16, 17, 18, 19, 20, 28, 29, 30, 34, 35, 36, 39, 40, 44, 45, 46, 47, 48, 49, 50, 53, 58, 62, 64, 67, 70, 74, 75, 76, 77, 78, 80, 81, 82, 83, 84, 87, 89, 90, 91, 92, 93, 94, 95, 99, 102, 106, 111, 112, 115, 117, 119, 148, 155, 167, 181, 187, 198, 200, 202, 204, 207, 210, 211, 212, 213, 215, 216, 219, 220, 221, 224, 226, 227, 234, 236, 237, 238, 239, 241, 246, 247, 248, 252, 253, 261, 262, 263, 264, 265, 266, 268, 270, 272, 274, 275, 276, 277, 279, 280, 281, 282, 283, 284, 285, 289, 291, 294, 296, 297, 298, 301, 305, 309, 310, 312, 313, 314, 315, 316, 317, 319, 320, 321, 322, 323, 327, 331, 333, 336, 338, 341, 344, 347, 351, 353, 358, 359, 360, 361, 362, 363, 364, 371, 373, 374, 376, 382, 388, 389, 393, 398, 399, 400, 401, 403, 411, 414, 421, 428, 430, 451, 453, 455, 459, 460, 461, 464, 465]
found	[17, 30, 40, 46, 47, 48, 50, 59, 76, 79, 85, 90, 92, 93, 222, 238, 239, 242, 262, 263, 264, 265, 266, 267, 269, 271, 276, 278, 283, 290, 292, 297, 313, 314, 315, 316, 317, 322, 323, 324, 328, 377, 402]
actual	[3, 5, 7, 8, 9, 12, 13, 14, 16, 17, 18, 19, 20, 28, 29, 30, 34, 35, 36, 39, 40, 44, 45, 46, 47, 48, 49, 50, 53, 58, 62, 64, 67, 70, 74, 75, 76, 77, 78, 80, 81, 82, 83, 84, 87, 89, 90, 91, 92, 93, 94, 95, 99, 102, 106, 111, 112, 115, 117, 119, 148, 155, 167, 181, 187, 198, 200, 202, 204, 207, 210, 211, 212, 213, 215, 216, 219, 220, 221, 224, 226, 227, 234, 236, 237, 238, 239, 241, 246, 247, 248, 252, 253, 261, 262, 263, 264, 265, 266, 268, 270, 272, 274, 275, 276, 277, 279, 280, 281, 282, 283, 284, 285, 289, 291, 294, 296, 297, 298, 301, 305, 309, 310, 312, 313, 314, 315, 316, 317, 319, 320, 321, 322, 323, 327, 331, 333, 336, 338, 341, 344, 347, 351, 353, 358, 359, 360, 361, 362, 363, 364, 371, 373, 374, 376, 382, 388, 389, 393, 398, 399, 400, 401, 403, 411, 414, 421, 428, 430, 451, 453, 455, 459, 460, 461, 464, 465]
found	[18, 21]
actual	[402, 415, 418, 448]
found	[20, 71, 80, 101, 124, 131, 139, 141, 143, 147, 149, 158, 164, 178, 187, 250, 258, 270, 351, 381, 387, 398, 406, 416, 425, 449]
actual	[21, 41, 126, 136, 147, 151, 209, 302, 350, 385, 408, 456]
found	[22, 42, 137, 152, 210, 303, 386, 409, 457]
actual	[4, 6, 23, 37, 51, 60, 66, 69, 71, 72, 85, 86, 88, 100, 101, 109, 141, 156, 158, 166, 173, 175, 188, 189, 190, 192, 193, 194, 196, 199, 201, 203, 205, 208, 214, 222, 225, 228, 229, 232, 240, 242, 243, 245, 254, 255, 256, 259, 260, 278, 288, 290, 292, 293, 295, 299, 300, 304, 306, 324, 326, 329, 330, 334, 335, 337, 339, 340, 342, 343, 345, 348, 349, 352, 354, 355, 356, 357, 365, 368, 375, 381, 384, 387, 390, 391, 392, 394, 410, 423, 436, 439, 441, 449, 450, 457, 458, 467]
found	[23]
actual	[4, 6, 23, 37, 51, 60, 66, 69, 71, 72, 85, 86, 88, 100, 101, 109, 141, 156, 158, 166, 173, 175, 188, 189, 190, 192, 193, 194, 196, 199, 201, 203, 205, 208, 214, 222, 225, 228, 229, 232, 240, 242, 243, 245, 254, 255, 256, 259, 260, 278, 288, 290, 292, 293, 295, 299, 300, 304, 306, 324, 326, 329, 330, 334, 335, 337, 339, 340, 342, 343, 345, 348, 349, 352, 354, 355, 356, 357, 365, 368, 375, 381, 384, 387, 390, 391, 392, 394, 410, 423, 436, 439, 441, 449, 450, 457, 458, 467]
found	[24]
actual	[24, 56, 140, 152, 180, 307]
found	[25, 153]
actual	[25, 143, 177, 179, 186, 332, 386, 417, 431, 432, 463]
found	[26]
actual	[26, 150, 170, 218, 419, 437]
found	[27, 420]
actual	[273]
found	[28, 274, 395]
actual	[4, 6, 23, 37, 51, 60, 66, 69, 71, 72, 85, 86, 88, 100, 101, 109, 141, 156, 158, 166, 173, 175, 188, 189, 190, 192, 193, 194, 196, 199, 201, 203, 205, 208, 214, 222, 225, 228, 229, 232, 240, 242, 243, 245, 254, 255, 256, 259, 260, 278, 288, 290, 292, 293, 295, 299, 300, 304, 306, 324, 326, 329, 330, 334, 335, 337, 339, 340, 342, 343, 345, 348, 349, 352, 354, 355, 356, 357, 365, 368, 375, 381, 384, 387, 390, 391, 392, 394, 410, 423, 436, 439, 441, 449, 450, 457, 458, 467]
found	[29]
actual	[160, 182]
found	[31, 331]
actual	[32, 42, 43, 54, 59, 61, 108, 113, 120, 172, 383, 440]
found	[33]
actual	[22, 27, 33, 57, 149, 191, 269, 303, 397, 452]
found	[34]
actual	[4, 6, 23, 37, 51, 60, 66, 69, 71, 72, 85, 86, 88, 100, 101, 109, 141, 156, 158, 166, 173, 175, 188, 189, 190, 192, 193, 194, 196, 199, 201, 203, 205, 208, 214, 222, 225, 228, 229, 232, 240, 242, 243, 245, 254, 255, 256, 259, 260, 278, 288, 290, 292, 293, 295, 299, 300, 304, 306, 324, 326, 329, 330, 334, 335, 337, 339, 340, 342, 343, 345, 348, 349, 352, 354, 355, 356, 357, 365, 368, 375, 381, 384, 387, 390, 391, 392, 394, 410, 423, 436, 439, 441, 449, 450, 457, 458, 467]
found	[35, 72]
actual	[3, 5, 7, 8, 9, 12, 13, 14, 16, 17, 18, 19, 20, 28, 29, 30, 34, 35, 36, 39, 40, 44, 45, 46, 47, 48, 49, 50, 53, 58, 62, 64, 67, 70, 74, 75, 76, 77, 78, 80, 81, 82, 83, 84, 87, 89, 90, 91, 92, 93, 94, 95, 99, 102, 106, 111, 112, 115, 117, 119, 148, 155, 167, 181, 187, 198, 200, 202, 204, 207, 210, 211, 212, 213, 215, 216, 219, 220, 221, 224, 226, 227, 234, 236, 237, 238, 239, 241, 246, 247, 248, 252, 253, 261, 262, 263, 264, 265, 266, 268, 270, 272, 274, 275, 276, 277, 279, 280, 281, 282, 283, 284, 285, 289, 291, 294, 296, 297, 298, 301, 305, 309, 310, 312, 313, 314, 315, 316, 317, 319, 320, 321, 322, 323, 327, 331, 333, 336, 338, 341, 344, 347, 351, 353, 358, 359, 360, 361, 362, 363, 364, 371, 373, 374, 376, 382, 388, 389, 393, 398, 399, 400, 401, 403, 411, 414, 421, 428, 430, 451, 453, 455, 459, 460, 461, 464, 465]
found	[36, 37]
actual	[4, 6, 23, 37, 51, 60, 66, 69, 71, 72, 85, 86, 88, 100, 101, 109, 141, 156, 158, 166, 173, 175, 188, 189, 190, 192, 193, 194, 196, 199, 201, 203, 205, 208, 214, 222, 225, 228, 229, 232, 240, 242, 243, 245, 254, 255, 256, 259, 260, 278, 288, 290, 292, 293, 295, 299, 300, 304, 306, 324, 326, 329, 330, 334, 335, 337, 339, 340, 342, 343, 345, 348, 349, 352, 354, 355, 356, 357, 365, 368, 375, 381, 384, 387, 390, 391, 392, 394, 410, 423, 436, 439, 441, 449, 450, 457, 458, 467]
found	[38, 189, 241]
actual	[38, 110, 157]
found	[39]
actual	[25, 143, 177, 179, 186, 332, 386, 417, 431, 432, 463]
found	[43, 168]
actual	[379]
found	[44]
actual	[3, 5, 7, 8, 9, 12, 13, 14, 16, 17, 18, 19, 20, 28, 29, 30, 34, 35, 36, 39, 40, 44, 45, 46, 47, 48, 49, 50, 53, 58, 62, 64, 67, 70, 74, 75, 76, 77, 78, 80, 81, 82, 83, 84, 87, 89, 90, 91, 92, 93, 94, 95, 99, 102, 106, 111, 112, 115, 117, 119, 148, 155, 167, 181, 187, 198, 200, 202, 204, 207, 210, 211, 212, 213, 215, 216, 219, 220, 221, 224, 226, 227, 234, 236, 237, 238, 239, 241, 246, 247, 248, 252, 253, 261, 262, 263, 264, 265, 266, 268, 270, 272, 274, 275, 276, 277, 279, 280, 281, 282, 283, 284, 285, 289, 291, 294, 296, 297, 298, 301, 305, 309, 310, 312, 313, 314, 315, 316, 317, 319, 320, 321, 322, 323, 327, 331, 333, 336, 338, 341, 344, 347, 351, 353, 358, 359, 360, 361, 362, 363, 364, 371, 373, 374, 376, 382, 388, 389, 393, 398, 399, 400, 401, 403, 411, 414, 421, 428, 430, 451, 453, 455, 459, 460, 461, 464, 465]
found	[45]
actual	[3, 5, 7, 8, 9, 12, 13, 14, 16, 17, 18, 19, 20, 28, 29, 30, 34, 35, 36, 39, 40, 44, 45, 46, 47, 48, 49, 50, 53, 58, 62, 64, 67, 70, 74, 75, 76, 77, 78, 80, 81, 82, 83, 84, 87, 89, 90, 91, 92, 93, 94, 95, 99, 102, 106, 111, 112, 115, 117, 119, 148, 155, 167, 181, 187, 198, 200, 202, 204, 207, 210, 211, 212, 213, 215, 216, 219, 220, 221, 224, 226, 227, 234, 236, 237, 238, 239, 241, 246, 247, 248, 252, 253, 261, 262, 263, 264, 265, 266, 268, 270, 272, 274, 275, 276, 277, 279, 280, 281, 282, 283, 284, 285, 289, 291, 294, 296, 297, 298, 301, 305, 309, 310, 312, 313, 314, 315, 316, 317, 319, 320, 321, 322, 323, 327, 331, 333, 336, 338, 341, 344, 347, 351, 353, 358, 359, 360, 361, 362, 363, 364, 371, 373, 374, 376, 382, 388, 389, 393, 398, 399, 400, 401, 403, 411, 414, 421, 428, 430, 451, 453, 455, 459, 460, 461, 464, 465]
found	[49]
actual	[3, 5, 7, 8, 9, 12, 13, 14, 16, 17, 18, 19, 20, 28, 29, 30, 34, 35, 36, 39, 40, 44, 45, 46, 47, 48, 49, 50, 53, 58, 62, 64, 67, 70, 74, 75, 76, 77, 78, 80, 81, 82, 83, 84, 87, 89, 90, 91, 92, 93, 94, 95, 99, 102, 106, 111, 112, 115, 117, 119, 148, 155, 167, 181, 187, 198, 200, 202, 204, 207, 210, 211, 212, 213, 215, 216, 219, 220, 221, 224, 226, 227, 234, 236, 237, 238, 239, 241, 246, 247, 248, 252, 253, 261, 262, 263, 264, 265, 266, 268, 270, 272, 274, 275, 276, 277, 279, 280, 281, 282, 283, 284, 285, 289, 291, 294, 296, 297, 298, 301, 305, 309, 310, 312, 313, 314, 315, 316, 317, 319, 320, 321, 322, 323, 327, 331, 333, 336, 338, 341, 344, 347, 351, 353, 358, 359, 360, 361, 362, 363, 364, 371, 373, 374, 376, 382, 388, 389, 393, 398, 399, 400, 401, 403, 411, 414, 421, 428, 430, 451, 453, 455, 459, 460, 461, 464, 465]
found	[51]
actual	[4, 6, 23, 37, 51, 60, 66, 69, 71, 72, 85, 86, 88, 100, 101, 109, 141, 156, 158, 166, 173, 175, 188, 189, 190, 192, 193, 194, 196, 199, 201, 203, 205, 208, 214, 222, 225, 228, 229, 232, 240, 242, 243, 245, 254, 255, 256, 259, 260, 278, 288, 290, 292, 293, 295, 299, 300, 304, 306, 324, 326, 329, 330, 334, 335, 337, 339, 340, 342, 343, 345, 348, 349, 352, 354, 355, 356, 357, 365, 368, 375, 381, 384, 387, 390, 391, 392, 394, 410, 423, 436, 439, 441, 449, 450, 457, 458, 467]
found	[52, 73, 393]
actual	[52, 125, 249]
found	[53]
actual	[32, 42, 43, 54, 59, 61, 108, 113, 120, 172, 383, 440]
found	[55, 109, 403, 455]
actual	[55, 128, 195]
found	[56]
actual	[96, 287, 328]
found	[57, 97]
actual	[68, 79, 103, 105, 116, 129, 130, 132, 133, 135, 145, 183, 184, 185, 251, 258, 286, 325, 366, 380, 406, 427, 435, 445, 446, 462]
found	[58, 130, 186]
actual	[32, 42, 43, 54, 59, 61, 108, 113, 120, 172, 383, 440]
found	[60]
actual	[369]
found	[61, 190, 330, 370]
actual	[32, 42, 43, 54, 59, 61, 108, 113, 120, 172, 383, 440]
found	[62, 384, 441]
actual	[4, 6, 23, 37, 51, 60, 66, 69, 71, 72, 85, 86, 88, 100, 101, 109, 141, 156, 158, 166, 173, 175, 188, 189, 190, 192, 193, 194, 196, 199, 201, 203, 205, 208, 214, 222, 225, 228, 229, 232, 240, 242, 243, 245, 254, 255, 256, 259, 260, 278, 288, 290, 292, 293, 295, 299, 300, 304, 306, 324, 326, 329, 330, 334, 335, 337, 339, 340, 342, 343, 345, 348, 349, 352, 354, 355, 356, 357, 365, 368, 375, 381, 384, 387, 390, 391, 392, 394, 410, 423, 436, 439, 441, 449, 450, 457, 458, 467]
found	[63, 372, 401]
actual	[63]
found	[64]
actual	[118, 434]
found	[65]
actual	[10, 65, 73]
found	[66]
actual	[144, 197, 429, 438]
found	[67, 205]
actual	[154, 378, 395]
found	[69, 379]
actual	[4, 6, 23, 37, 51, 60, 66, 69, 71, 72, 85, 86, 88, 100, 101, 109, 141, 156, 158, 166, 173, 175, 188, 189, 190, 192, 193, 194, 196, 199, 201, 203, 205, 208, 214, 222, 225, 228, 229, 232, 240, 242, 243, 245, 254, 255, 256, 259, 260, 278, 288, 290, 292, 293, 295, 299, 300, 304, 306, 324, 326, 329, 330, 334, 335, 337, 339, 340, 342, 343, 345, 348, 349, 352, 354, 355, 356, 357, 365, 368, 375, 381, 384, 387, 390, 391, 392, 394, 410, 423, 436, 439, 441, 449, 450, 457, 458, 467]
found	[70, 336]
actual	[308, 412]
found	[74, 408, 413, 414]
actual	[146, 168, 174, 413, 444]
found	[81]
actual	[160, 182]
found	[82, 255]
actual	[206, 257]
found	[83]
actual	[25, 143, 177, 179, 186, 332, 386, 417, 431, 432, 463]
found	[86, 180, 438, 450, 453, 454]
actual	[144, 197, 429, 438]
found	[87, 102, 198, 355, 411, 430, 431, 439]
actual	[144, 197, 429, 438]
found	[95, 142, 145, 159, 185]
actual	[11, 367, 370, 372]
found	[98]
actual	[308, 412]
found	[104, 106, 126, 201, 367]
actual	[107]
found	[108, 161, 230, 231, 428, 445]
actual	[121, 122, 127, 153, 159, 169, 176, 178, 217, 244, 271, 425, 443, 447, 466]
found	[114, 170, 245, 268, 272, 353]
actual	[97, 114]
found	[115]
actual	[154, 378, 395]
found	[117, 348]
actual	[118, 434]
found	[119, 236, 329, 405, 419, 435, 437]
actual	[32, 42, 43, 54, 59, 61, 108, 113, 120, 172, 383, 440]
found	[121]
actual	[404, 454]
found	[122, 146]
actual	[230]
found	[123]
actual	[21, 41, 126, 136, 147, 151, 209, 302, 350, 385, 408, 456]
found	[127]
actual	[121, 122, 127, 153, 159, 169, 176, 178, 217, 244, 271, 425, 443, 447, 466]
found	[128]
actual	[231]
found	[129, 232]
actual	[55, 128, 195]
found	[132, 196]
actual	[68, 79, 103, 105, 116, 129, 130, 132, 133, 135, 145, 183, 184, 185, 251, 258, 286, 325, 366, 380, 406, 427, 435, 445, 446, 462]
found	[133]
actual	[68, 79, 103, 105, 116, 129, 130, 132, 133, 135, 145, 183, 184, 185, 251, 258, 286, 325, 366, 380, 406, 427, 435, 445, 446, 462]
found	[134, 135, 184]
actual	[308, 412]
found	[136]
actual	[164]
found	[138, 165, 209]
actual	[134, 139, 422, 433, 442]
found	[140]
actual	[25, 143, 177, 179, 186, 332, 386, 417, 431, 432, 463]
found	[148]
actual	[250]
found	[150, 154, 176, 182, 183, 344, 350]
actual	[26, 150, 170, 218, 419, 437]
found	[151]
actual	[154, 378, 395]
found	[155]
actual	[4, 6, 23, 37, 51, 60, 66, 69, 71, 72, 85, 86, 88, 100, 101, 109, 141, 156, 158, 166, 173, 175, 188, 189, 190, 192, 193, 194, 196, 199, 201, 203, 205, 208, 214, 222, 225, 228, 229, 232, 240, 242, 243, 245, 254, 255, 256, 259, 260, 278, 288, 290, 292, 293, 295, 299, 300, 304, 306, 324, 326, 329, 330, 334, 335, 337, 339, 340, 342, 343, 345, 348, 349, 352, 354, 355, 356, 357, 365, 368, 375, 381, 384, 387, 390, 391, 392, 394, 410, 423, 436, 439, 441, 449, 450, 457, 458, 467]
found	[157, 204, 252, 259]
actual	[161]
found	[162]
actual	[162, 311, 424]
found	[163]
actual	[146, 168, 174, 413, 444]
found	[169]
actual	[26, 150, 170, 218, 419, 437]
found	[171]
actual	[22, 27, 33, 57, 149, 191, 269, 303, 397, 452]
found	[174]
actual	[146, 168, 174, 413, 444]
found	[175]
actual	[146, 168, 174, 413, 444]
found	[181]
actual	[144, 197, 429, 438]
found	[188]
actual	[250]
found	[191, 318]
actual	[4, 6, 23, 37, 51, 60, 66, 69, 71, 72, 85, 86, 88, 100, 101, 109, 141, 156, 158, 166, 173, 175, 188, 189, 190, 192, 193, 194, 196, 199, 201, 203, 205, 208, 214, 222, 225, 228, 229, 232, 240, 242, 243, 245, 254, 255, 256, 259, 260, 278, 288, 290, 292, 293, 295, 299, 300, 304, 306, 324, 326, 329, 330, 334, 335, 337, 339, 340, 342, 343, 345, 348, 349, 352, 354, 355, 356, 357, 365, 368, 375, 381, 384, 387, 390, 391, 392, 394, 410, 423, 436, 439, 441, 449, 450, 457, 458, 467]
found	[206, 468]
actual	[206, 257]
found	[212]
actual	[11, 367, 370, 372]
found	[216, 371]
actual	[26, 150, 170, 218, 419, 437]
found	[219]
actual	[3, 5, 7, 8, 9, 12, 13, 14, 16, 17, 18, 19, 20, 28, 29, 30, 34, 35, 36, 39, 40, 44, 45, 46, 47, 48, 49, 50, 53, 58, 62, 64, 67, 70, 74, 75, 76, 77, 78, 80, 81, 82, 83, 84, 87, 89, 90, 91, 92, 93, 94, 95, 99, 102, 106, 111, 112, 115, 117, 119, 148, 155, 167, 181, 187, 198, 200, 202, 204, 207, 210, 211, 212, 213, 215, 216, 219, 220, 221, 224, 226, 227, 234, 236, 237, 238, 239, 241, 246, 247, 248, 252, 253, 261, 262, 263, 264, 265, 266, 268, 270, 272, 274, 275, 276, 277, 279, 280, 281, 282, 283, 284, 285, 289, 291, 294, 296, 297, 298, 301, 305, 309, 310, 312, 313, 314, 315, 316, 317, 319, 320, 321, 322, 323, 327, 331, 333, 336, 338, 341, 344, 347, 351, 353, 358, 359, 360, 361, 362, 363, 364, 371, 373, 374, 376, 382, 388, 389, 393, 398, 399, 400, 401, 403, 411, 414, 421, 428, 430, 451, 453, 455, 459, 460, 461, 464, 465]
found	[227, 228]
actual	[4, 6, 23, 37, 51, 60, 66, 69, 71, 72, 85, 86, 88, 100, 101, 109, 141, 156, 158, 166, 173, 175, 188, 189, 190, 192, 193, 194, 196, 199, 201, 203, 205, 208, 214, 222, 225, 228, 229, 232, 240, 242, 243, 245, 254, 255, 256, 259, 260, 278, 288, 290, 292, 293, 295, 299, 300, 304, 306, 324, 326, 329, 330, 334, 335, 337, 339, 340, 342, 343, 345, 348, 349, 352, 354, 355, 356, 357, 365, 368, 375, 381, 384, 387, 390, 391, 392, 394, 410, 423, 436, 439, 441, 449, 450, 457, 458, 467]
found	[243]
actual	[4, 6, 23, 37, 51, 60, 66, 69, 71, 72, 85, 86, 88, 100, 101, 109, 141, 156, 158, 166, 173, 175, 188, 189, 190, 192, 193, 194, 196, 199, 201, 203, 205, 208, 214, 222, 225, 228, 229, 232, 240, 242, 243, 245, 254, 255, 256, 259, 260, 278, 288, 290, 292, 293, 295, 299, 300, 304, 306, 324, 326, 329, 330, 334, 335, 337, 339, 340, 342, 343, 345, 348, 349, 352, 354, 355, 356, 357, 365, 368, 375, 381, 384, 387, 390, 391, 392, 394, 410, 423, 436, 439, 441, 449, 450, 457, 458, 467]
found	[246, 358]
actual	[68, 79, 103, 105, 116, 129, 130, 132, 133, 135, 145, 183, 184, 185, 251, 258, 286, 325, 366, 380, 406, 427, 435, 445, 446, 462]
found	[287]
actual	[96, 287, 328]
found	[288]
actual	[379]
found	[289, 388]
actual	[369]
found	[301]
actual	[107]
found	[305]
actual	[24, 56, 140, 152, 180, 307]
found	[308]
actual	[162, 311, 424]
found	[312, 433]
actual	[165, 318]
found	[319, 334]
actual	[107]
found	[338]
actual	[2, 98, 131, 137, 138, 346, 396, 407]
found	[347]
actual	[11, 367, 370, 372]
found	[368, 373]
actual	[377]
found	[378]
actual	[4, 6, 23, 37, 51, 60, 66, 69, 71, 72, 85, 86, 88, 100, 101, 109, 141, 156, 158, 166, 173, 175, 188, 189, 190, 192, 193, 194, 196, 199, 201, 203, 205, 208, 214, 222, 225, 228, 229, 232, 240, 242, 243, 245, 254, 255, 256, 259, 260, 278, 288, 290, 292, 293, 295, 299, 300, 304, 306, 324, 326, 329, 330, 334, 335, 337, 339, 340, 342, 343, 345, 348, 349, 352, 354, 355, 356, 357, 365, 368, 375, 381, 384, 387, 390, 391, 392, 394, 410, 423, 436, 439, 441, 449, 450, 457, 458, 467]
found	[382]
actual	[4, 6, 23, 37, 51, 60, 66, 69, 71, 72, 85, 86, 88, 100, 101, 109, 141, 156, 158, 166, 173, 175, 188, 189, 190, 192, 193, 194, 196, 199, 201, 203, 205, 208, 214, 222, 225, 228, 229, 232, 240, 242, 243, 245, 254, 255, 256, 259, 260, 278, 288, 290, 292, 293, 295, 299, 300, 304, 306, 324, 326, 329, 330, 334, 335, 337, 339, 340, 342, 343, 345, 348, 349, 352, 354, 355, 356, 357, 365, 368, 375, 381, 384, 387, 390, 391, 392, 394, 410, 423, 436, 439, 441, 449, 450, 457, 458, 467]
found	[392]
actual	[154, 378, 395]
found	[396]
actual	[2, 98, 131, 137, 138, 346, 396, 407]
found	[397]
actual	[402, 415, 418, 448]
found	[404]
actual	[223, 405]
found	[410]
actual	[123, 163, 409, 416, 420]
found	[417]
actual	[426]
found	[427]
actual	[235]
found	[432]
actual	[134, 139, 422, 433, 442]
found	[434, 443]
actual	[107]
found	[459]
actual	[25, 143, 177, 179, 186, 332, 386, 417, 431, 432, 463]
found	[464]
